0100000000100000100000000000100001000001
0010100010001000000000001000100001000100
0010010100010000100011000000000000000001
1000100001000100000000010010000011100000
0001001010000100000000000000001000000100
0100000100011000010010000000100000001001
0000000000000010000000010000000000100000
0001000001000010000000000000000000000001
0000010000000011000000100000000000000000
0101000001100001000000000000010000000000
0000000100001000000000001000000000100000
0001000000000000000000000000000000000000
0000000101100010000000000010001000000001
0001000001100100100000000000000000000000
0000000001000000000000010000100001000000
0000100000000010000000001000000000000000
1000000100001100000000000000000000000000
0010010110001000100000000011000000000000
0000010000100000000000001111000000000001
0100000000000100000000000000000000010000
0000100000000000000000001000000000000000
0000000000000000000000100000000000000000
0000000011000000000000000000000000000000
0000000111100000000000000011000000000000
1000000000000001000000000111100000000000
0000000000001000000000000011000000000001
1000010001000000000000000000000000000000
0000000000000010001000000000000000000000
0000010000000100000000000001000000000000
0000000000001001000000000000000000000000
0000110110000000000000111110011000100000
0000100000000000010000000000000010000000
1001000000100010000000000000000000000000
0000110000000000000000100001000000010000
0001001010000000000000000000000000000000
0001000100000000000100000000000000000000
0100000001001000000000000010000000000000
1010001000000000000010000100010000000000
0001000000000000000000000000000000000001
1000000100100000100001000000100000000001
