01000000001000001000000000001000010000011000100001000100000000010010000011100000
00101000100010000000000010001000010001001000100001000100000000010010000011100000
00100101000100001000110000000000000000011000010000000001000000000111100000000000
10001000010001000000000100100000111000001000100001000100000100010010000011100001
00010010100001000000000000000010000001000000000100001000000000001000000010010000
01000001000110000100100000001000000010011000100001000100000000010010000011100000
00000000000000100000000100000000001000000000110110000000000000111110011000100001
00010000010000100000000000000000000000010000000000001001000000000000000000000000
00000100000000110000001000000000000000001000000100000001000000000111100000000000
01010000011000010000000000000100001000000000010000100000000000001111000000000001
00000001000010000000000010000000001000000000110000000000000000100001000000010000
00010000000000000000000000000000000000000100000000100000100000000000100001000001
00000001011000100100000000100010000000010001000100000000000100000000000000000000
00010000011001001000000000000000000000000000010000000100000000000001000000000000
00000000010000000000000100001000010100000000100000000010000000001000000000000000
00001000000000100000000010000000000000001001000000100010000000000000000000000001
10000001000011000000000000000000000000001010001000000000000010000100010000000000
10100101100010001000000000110000000000000010100010001000000000001000100001000100
01000100001000000000000011110000000000010000010000000010001000000000000000000000
01000000000001000000000000000000000100000010100010001000000000001000100001000101
00001000000000001000000010000000000000000100000001001000000000000010000000000000
00000000000001000000001000000000100000000000010000000100000000000001000000000000
00000000110000000000000000000000000000001000000000000001000000000111100000000000
00000001111000000000000000110000000000000010100010001000000000001000100001000101
10000000000000010000000001111000010000000100000100011000010010000000100000001001
00000000000010000000000000110000000000010000000000000000000000100000000000000000
10000100010000000000000000000000000100000010010100010000100011000000000000000001
00000000000000100010000000000010100010000000000000000010001000000000000000000000
00000100000001000000000000010000001001001000000000000010001000000000000000000000
00000000000010010000000000000000000000000010000000000010001000000000000000000000
00001101100000000000001111100110001000000001001010000000000000000000000000000000
00001000000000000100000000000000100000000000000000000010001000000000000000000000
10010000001000100000000000000000000000000000000100001000000000001000000000100000
00001100000000000000001000010000000100000000000000000010001000000000000000000000
00010010100000000000000000000000000000000000000000000010001000000000000000000000
00010001000000000001000000000000000000000000000000000010001000000000000000000000
01000000010010000000000000100000000000001000000100100000100001000000100000000001
10100010000000000000100001000100000000000001000000000000000000000000000000000001
00010000000000000000000000000000000000010001000000000000000000000000000000000001
10000001001000001000010000001000000000011010001000000000000010000100010000000000
01000000001000001000000000001000010000011000100001000100000000010010000011100000
00101000100010000000000010001000010001001000100001000100000000010010000011100000
00100101000100001000110000000000000000011000000000000001000000000111100000000000
10001000010001000000000100100000111000001000100001000100000000010010000011100000
00010010100001000000000000000010000001000000000100001000000000001000000010010000
01000001000110000100100000001000000010011000100001000100001000010010000011100000
00000000000000100000000100000000001000000000110110000000000000111110011000100000
00010000010000100000000001000010000000010000000000001001000000000000000000000000
00000100100000110000001000000000000001001000000000000001000000000111100000000000
01010000011000010000000000000100000000000000010000100000000000001111000000000001
00000001000010000000000010000000001000010000110000000000000000100001000000010000
00010000000000000010000000000000000000000100000000100000100000000000100001000001
00000001011000100000000000100010100000010001000100000000000100000000000000000001
00010000011001001000000000000000000000000000010000000100000000000001000000000000
00000010010000000000000100001000010000000000100001000010000000001000000000000000
00001000000000100000000010000000010000001001000000100010000000000000000000000001
10000001000011000000000000000000000000001010001000000000000010000100010000000000
00100101100010001000000000110000000000000010100010001000000000001000100001000100
00000100001000000000000011110000000000010000000000000010001000000000000000000000
01000000000001000000000000000000000100000010100010001000000000001000100001000101
00001000100000000000100010000000000000000100000001001000000000000010000000000000
00000000000001000000001000000000000000000000010000000100000000000001000000000000
00100000110000000000000000000000000000001000000000000001000000000111100000000001
00000001111000000000000000110000000000000010100010001000000000001000100001000100
10000000000000010000000001111000000000000100000100011000010010000000100000001001
00000000000010000000000000110000000000010000000100000000000000100000000000000000
10000100010000000000000000000000000001000010010100010000100011000000000000000001
00000000000000100010000000000100000000000000000000000010001000000000000000000000
00000100000001000000000100010000000000000010000000000010001000000010000000000000
00000000000010010000000000000000000000001000000000000010001000000000010000000000
00001101100000000000001111100110001001000001001010000000000000000000000000000000
00001000000000000100100000000000100000010010000100000010001000000000000000000000
10010000001000100000000000001000000000100000000100001000000000001000000000100000
00001100000000000000001000010000000100001000001010000010001000000000000000000000
00010010100000000100000000100000100000000000100000100010001000100000000000000000
00010001000000000001000000010000000000100000100000010010001000000000100000000000
01000000010010000000000000100000001000001000000100100000100001000000100000000001
10100010000000000000100001000100000010000001100001000010100000000000000000000001
00010000010001000000000001000000001000010001000100000001000100000000000010000001
10000001001000001000010010001000100000011010001000010010000010000100010000000000
