-w \t\tINIT PHASE\tCREATING THREADS\tBARRIER PHASE\tCOMPLETE GOL\tINIT PHASE\tCREATING THREADS\tBARRIER PHASE\tCOMPLETE GOL
1	23406	0	805	685627	88531	0	33544	5113553
2	24352	102	6911	345816	88622	825	178333	2726486
3	21027	116	21207	267363	88492	1604	113113	1815895
4	21114	176	16426	214191	88648	2299	193768	1475153
5	22985	251	9837	176147	88506	3385	68596	1094482
6	24307	305	8638	159286	88518	4476	177434	1036544
7	24322	370	9598	139028	88487	5120	131453	869150
8	24337	514	10667	124230	88550	6039	87667	734065
9	24334	728	11135	112306	88547	6731	140186	717601
10	24332	1066	10683	101895	88423	8068	99598	620131
11	24302	1077	11871	95066	88655	9046	106015	581191
12	24291	1280	12088	88882	88610	9736	118608	557387
13	24275	1523	20474	91795	88417	10560	117216	523376
14	24305	1552	18629	85229	88451	11217	123788	505036
15	24282	1657	32106	94586	88492	12541	127114	485127
16	24260	1811	48700	107335	88561	12353	146608	484428
17	24260	1811	48700	107335	88501	13283	143591	462207
18	24260	1811	48700	107335	88472	13642	154979	457089
19	24260	1811	48700	107335	88599	13912	177847	465919
20	24260	1811	48700	107335	88484	14953	198269	474317
21	24260	1811	48700	107335	88413	15062	195180	458270
22	24260	1811	48700	107335	88615	15472	195216	448383
23	24260	1811	48700	107335	88414	15952	219842	464986
24	24260	1811	48700	107335	88448	16331	225879	461517
25	24260	1811	48700	107335	88535	16833	218984	447216
26	24260	1811	48700	107335	88482	16912	221007	442463
27	24260	1811	48700	107335	88534	17359	241879	462366
28	24260	1811	48700	107335	88542	17566	253972	463299
29	24260	1811	48700	107335	88515	17997	235668	436199
30	24260	1811	48700	107335	88402	18244	248388	445606
31	24260	1811	48700	107335	88512	17877	269047	459127
32	24260	1811	48700	107335	88542	18906	258163	440825
33	24260	1811	48700	107335	88505	19046	259844	438382
34	24260	1811	48700	107335	88467	19667	274007	448700
35	24260	1811	48700	107335	88571	19589	278598	447547
36	24260	1811	48700	107335	88452	20171	290153	454935
37	24260	1811	48700	107335	88406	20272	305292	467035
38	24260	1811	48700	107335	88439	20890	321193	479972
39	24260	1811	48700	107335	88356	21019	326511	481069
40	24260	1811	48700	107335	90777	21969	325481	477437
41	24260	1811	48700	107335	88725	21528	337098	485779
42	24260	1811	48700	107335	88372	21994	340716	486216
43	24260	1811	48700	107335	88485	22325	341720	484714
44	24260	1811	48700	107335	88367	22552	354217	494857
45	24260	1811	48700	107335	88401	22648	369983	508536
46	24260	1811	48700	107335	88444	23506	377106	513705
47	24260	1811	48700	107335	88511	23286	390673	525085
48	24260	1811	48700	107335	88407	23542	392604	524329
49	24260	1811	48700	107335	88451	24554	404199	533862
50	24260	1811	48700	107335	88565	24417	410362	538379
51	24260	1811	48700	107335	88435	24359	422762	549800
52	24260	1811	48700	107335	88534	24808	416091	539813
53	24260	1811	48700	107335	88678	25874	433123	556734
54	24260	1811	48700	107335	88490	26164	438829	561622
55	24260	1811	48700	107335	88568	25475	438031	558652
56	24260	1811	48700	107335	88473	26781	448306	567597
57	24260	1811	48700	107335	88504	26649	460091	578088
58	24260	1811	48700	107335	88655	26267	466180	582178
59	24260	1811	48700	107335	88464	26969	471249	585744
60	24260	1811	48700	107335	88550	26956	475581	589854
61	24260	1811	48700	107335	88575	27605	489497	602396
62	24260	1811	48700	107335	88517	28137	498708	611462
63	24260	1811	48700	107335	88555	28659	514095	624567
64	24260	1811	48700	107335	88563	29254	521105	631015
65	24260	1811	48700	107335	88470	28083	523227	632279
66	24260	1811	48700	107335	88493	29664	532706	641287
67	24260	1811	48700	107335	88645	28449	547890	655341
68	24260	1811	48700	107335	88468	29780	550833	657366
69	24260	1811	48700	107335	88492	29756	561194	666489
70	24260	1811	48700	107335	88514	29849	569238	673761
71	24260	1811	48700	107335	88659	31141	579764	684066
72	24260	1811	48700	107335	88434	31034	591841	694768
73	24260	1811	48700	107335	88533	31076	604051	706714
74	24260	1811	48700	107335	88530	30715	604782	706539
75	24260	1811	48700	107335	88665	30873	623371	724281
76	24260	1811	48700	107335	88626	32047	623856	723345
77	24260	1811	48700	107335	88594	32403	631583	731796
78	24260	1811	48700	107335	88469	32605	635175	734331
79	24260	1811	48700	107335	88459	33191	648233	746629
80	24260	1811	48700	107335	88521	34609	659401	757613
81	24260	1811	48700	107335	88485	33871	669573	766532
82	24260	1811	48700	107335	88527	34895	671679	768810
83	24260	1811	48700	107335	88465	33272	683659	779360
84	24260	1811	48700	107335	88524	35076	689740	785828
85	24260	1811	48700	107335	88617	36710	705512	802263
86	24260	1811	48700	107335	88649	36433	718338	814049
87	24260	1811	48700	107335	88417	35875	719208	813031
88	24260	1811	48700	107335	88634	35987	727144	821143
89	24260	1811	48700	107335	88642	37951	737229	831262
90	24260	1811	48700	107335	88557	37897	743059	836619
91	24260	1811	48700	107335	88434	38547	756062	848506
92	24260	1811	48700	107335	88583	37884	757766	850653
93	24260	1811	48700	107335	88632	36978	769108	861176
94	24260	1811	48700	107335	88451	38897	773198	865574
95	24260	1811	48700	107335	88496	38250	785600	877512
96	24260	1811	48700	107335	88559	38612	798663	889748
97	24260	1811	48700	107335	88429	39015	805785	896180
98	24260	1811	48700	107335	88500	38849	800482	890517
99	24260	1811	48700	107335	88595	38675	822344	912832
100	24260	1811	48700	107335	88499	40018	827551	918133
101	24260	1811	48700	107335	88650	40544	832632	922638
102	24260	1811	48700	107335	88518	40558	840742	929829
103	24260	1811	48700	107335	88494	41375	844612	933479
104	24260	1811	48700	107335	88539	41729	861808	950656
105	24260	1811	48700	107335	88702	42918	861997	951046
106	24260	1811	48700	107335	88422	42676	869757	958577
107	24260	1811	48700	107335	88404	43903	874101	963109
108	24260	1811	48700	107335	88466	44374	888008	975743
109	24260	1811	48700	107335	88350	42982	893894	981886
110	24260	1811	48700	107335	88390	43998	908631	995651
111	24260	1811	48700	107335	88352	43792	907916	996326
112	24260	1811	48700	107335	88352	43480	920022	1008123
113	24260	1811	48700	107335	88369	46061	926337	1013679
114	24260	1811	48700	107335	88374	43829	948050	1035036
115	24260	1811	48700	107335	88481	45751	942139	1030597
116	24260	1811	48700	107335	88352	44495	947532	1035013
117	24260	1811	48700	107335	88328	45283	951635	1039150
118	24260	1811	48700	107335	88354	45375	952777	1039093
119	24260	1811	48700	107335	88481	46915	957831	1045366
120	24260	1811	48700	107335	88330	45270	975264	1062802
121	24260	1811	48700	107335	88380	46067	990850	1077008
122	24260	1811	48700	107335	88499	47876	996070	1082608
123	24260	1811	48700	107335	88408	48289	1008721	1094749
124	24260	1811	48700	107335	88309	46877	1011908	1098027
125	24260	1811	48700	107335	88471	46670	1023534	1109978
126	24260	1811	48700	107335	88428	47327	1027918	1114068
127	24260	1811	48700	107335	88374	48573	1033666	1120624
128	24260	1811	48700	107335	88513	48352	1031111	1117030
129	24260	1811	48700	107335	88431	49206	1043415	1129434
130	24260	1811	48700	107335	88415	48398	1036794	1122794
131	24260	1811	48700	107335	88433	49848	1046064	1132506
132	24260	1811	48700	107335	88387	49262	1051559	1137837
133	24260	1811	48700	107335	88461	49424	1055881	1142386
134	24260	1811	48700	107335	88378	50490	1065981	1151472
135	24260	1811	48700	107335	88418	51044	1075188	1161126
136	24260	1811	48700	107335	88393	50030	1079785	1166112
137	24260	1811	48700	107335	88369	50536	1089041	1174826
138	24260	1811	48700	107335	88399	52706	1100317	1186908
139	24260	1811	48700	107335	88495	52357	1113939	1199359
140	24260	1811	48700	107335	88396	52396	1123880	1209946
141	24260	1811	48700	107335	88427	52094	1131202	1217563
142	24260	1811	48700	107335	88349	51989	1136375	1221748
143	24260	1811	48700	107335	88346	52345	1150270	1235787
144	24260	1811	48700	107335	88467	53141	1147256	1232685
145	24260	1811	48700	107335	88352	52649	1155075	1242473
146	24260	1811	48700	107335	88456	54998	1157236	1244162
147	24260	1811	48700	107335	88449	55116	1167805	1254322
148	24260	1811	48700	107335	88362	55222	1169054	1256308
149	24260	1811	48700	107335	88545	55247	1174688	1261050
150	24260	1811	48700	107335	88367	56710	1178047	1265471
151	24260	1811	48700	107335	88431	55073	1169361	1256298
152	24260	1811	48700	107335	88417	54267	1184647	1270786
153	24260	1811	48700	107335	88538	55569	1197283	1283726
154	24260	1811	48700	107335	88337	54924	1187919	1274120
155	24260	1811	48700	107335	88490	55204	1200702	1287484
156	24260	1811	48700	107335	88403	54989	1217043	1303300
157	24260	1811	48700	107335	88463	55760	1237424	1323969
158	24260	1811	48700	107335	88524	55046	1219916	1305946
159	24260	1811	48700	107335	88393	56868	1249417	1336053
160	24260	1811	48700	107335	88476	53776	1248621	1335710
161	24260	1811	48700	107335	88408	55975	1255432	1342326
162	24260	1811	48700	107335	88453	56221	1263720	1350703
163	24260	1811	48700	107335	88475	56478	1285891	1372655
164	24260	1811	48700	107335	88466	55105	1276259	1363605
165	24260	1811	48700	107335	88321	57755	1294177	1381114
166	24260	1811	48700	107335	88507	57499	1300491	1387074
167	24260	1811	48700	107335	88531	58724	1308392	1394665
168	24260	1811	48700	107335	88435	58603	1313637	1400796
169	24260	1811	48700	107335	88453	60299	1311480	1398919
170	24260	1811	48700	107335	88474	60807	1325525	1412606
171	24260	1811	48700	107335	88489	57495	1337012	1422872
172	24260	1811	48700	107335	88441	58709	1326089	1413196
173	24260	1811	48700	107335	88468	60868	1333150	1421747
174	24260	1811	48700	107335	88829	60233	1336901	1425043
175	24260	1811	48700	107335	88476	60312	1319352	1406304
176	24260	1811	48700	107335	88482	61612	1343721	1432348
177	24260	1811	48700	107335	88378	60396	1334391	1422337
178	24260	1811	48700	107335	88447	60220	1339961	1426980
179	24260	1811	48700	107335	88436	62795	1368916	1458708
180	24260	1811	48700	107335	88449	61691	1354601	1443090
181	24260	1811	48700	107335	88477	62176	1351939	1439824
182	24260	1811	48700	107335	88461	62539	1374945	1463947
183	24260	1811	48700	107335	88511	63758	1380611	1468557
184	24260	1811	48700	107335	88465	63488	1393218	1483229
185	24260	1811	48700	107335	88440	61558	1413553	1501768
186	24260	1811	48700	107335	88382	63301	1421925	1510874
187	24260	1811	48700	107335	88433	62666	1434153	1523388
188	24260	1811	48700	107335	88531	64402	1437678	1527911
189	24260	1811	48700	107335	88533	62192	1459520	1548368
190	24260	1811	48700	107335	88509	62121	1470446	1560067
191	24260	1811	48700	107335	88540	61185	1478232	1567990
192	24260	1811	48700	107335	88396	61803	1471778	1562434
193	24260	1811	48700	107335	88391	63051	1491973	1580920
194	24260	1811	48700	107335	88565	64721	1507414	1597987
195	24260	1811	48700	107335	88650	63140	1501440	1591840
196	24260	1811	48700	107335	88839	66888	1511820	1600592
197	24260	1811	48700	107335	88546	63670	1519963	1609714
198	24260	1811	48700	107335	88607	68564	1520650	1612216
199	24260	1811	48700	107335	88470	65957	1526591	1617932
200	24260	1811	48700	107335	88524	67936	1531740	1622983
201	24260	1811	48700	107335	88549	70376	1544280	1634179
202	24260	1811	48700	107335	88503	69704	1546406	1638322
203	24260	1811	48700	107335	88354	67833	1541883	1632457
204	24260	1811	48700	107335	88460	69513	1535881	1627684
205	24260	1811	48700	107335	88373	68658	1539862	1631863
206	24260	1811	48700	107335	88443	69699	1543836	1635565
207	24260	1811	48700	107335	88518	68263	1544188	1637987
208	24260	1811	48700	107335	88440	68893	1550716	1642682
209	24260	1811	48700	107335	88516	67324	1545169	1637267
210	24260	1811	48700	107335	88446	72235	1564838	1658084
211	24260	1811	48700	107335	88479	73156	1574070	1667617
212	24260	1811	48700	107335	88519	70505	1564994	1658836
213	24260	1811	48700	107335	88539	71639	1574558	1667279
214	24260	1811	48700	107335	88561	71299	1595753	1688925
215	24260	1811	48700	107335	88586	72217	1594598	1688659
216	24260	1811	48700	107335	88633	76083	1609198	1704245
217	24260	1811	48700	107335	88368	71325	1617308	1711788
218	24260	1811	48700	107335	88558	77039	1617601	1709914
219	24260	1811	48700	107335	88528	79469	1615334	1709231
220	24260	1811	48700	107335	88580	75286	1645260	1739173
221	24260	1811	48700	107335	88586	74280	1639252	1734558
222	24260	1811	48700	107335	88588	72508	1639606	1735377
223	24260	1811	48700	107335	88450	77890	1667510	1762940
224	24260	1811	48700	107335	88634	82868	1676205	1772028
225	24260	1811	48700	107335	88566	82566	1690853	1784207
226	24260	1811	48700	107335	88495	77510	1720561	1815382
227	24260	1811	48700	107335	88480	85912	1724191	1817793
228	24260	1811	48700	107335	88536	81574	1740005	1836243
229	24260	1811	48700	107335	88477	77315	1747043	1842960
230	24260	1811	48700	107335	88448	81270	1737720	1833585
231	24260	1811	48700	107335	88539	73235	1745584	1841392
232	24260	1811	48700	107335	88389	74646	1760268	1857124
233	24260	1811	48700	107335	88474	75665	1772464	1869480
234	24260	1811	48700	107335	88443	82623	1798462	1894373
235	24260	1811	48700	107335	88609	85495	1808112	1904663
236	24260	1811	48700	107335	88569	86250	1799697	1899348
237	24260	1811	48700	107335	88507	86351	1828588	1925419
238	24260	1811	48700	107335	88545	86611	1837225	1934249
239	24260	1811	48700	107335	88529	77760	1827546	1923598
240	24260	1811	48700	107335	88565	81632	1833270	1932192
